#Id1	Id2	Corr
3	7	0.001
3	25	0.004
3	43	0.001
3	48	0.011
3	49	0.010
3	50	0.002
3	56	0.005
3	58	0.005
3	70	0.002
3	71	0.004
3	72	0.003
3	73	0.016
3	75	0.013
3	76	0.008
3	88	0.002
3	89	0.004
3	90	0.012
3	96	0.009
3	97	0.010
3	98	0.013
7	25	0.012
7	32	0.003
7	34	0.005
7	35	0.004
7	43	0.038
7	46	0.177
7	47	0.438
7	50	0.032
7	55	0.014
7	56	0.050
7	58	0.201
7	70	0.006
7	71	0.040
7	72	0.010
7	75	0.008
7	76	0.029
7	88	0.003
7	89	0.008
7	90	0.064
7	96	0.008
7	97	0.010
14	56	0.009
18	56	0.010
24	32	0.011
24	34	0.002
24	35	0.002
24	43	0.004
24	50	0.006
24	55	0.002
24	56	0.019
24	71	0.057
24	72	0.006
24	75	0.005
24	90	0.025
24	91	0.154
24	96	0.002
24	97	0.004
25	32	0.002
25	34	0.002
25	35	0.001
25	43	0.004
25	46	0.009
25	47	0.008
25	48	0.067
25	49	0.050
25	50	0.007
25	55	0.002
25	56	0.023
25	58	0.025
25	70	0.013
25	71	0.024
25	72	0.017
25	73	0.088
25	74	0.004
25	75	0.068
25	76	0.041
25	88	0.008
25	89	0.020
25	90	0.055
25	96	0.050
25	97	0.054
25	98	0.066
32	43	0.002
32	46	0.002
32	47	0.002
32	48	0.002
32	49	0.005
32	50	0.003
32	56	0.010
32	58	0.003
32	70	0.001
32	71	0.006
32	72	0.002
32	73	0.005
32	75	0.007
32	76	0.005
32	89	0.002
32	90	0.010
32	91	0.007
32	96	0.004
32	97	0.005
32	98	0.006
34	35	0.050
34	43	0.002
34	46	0.004
34	47	0.003
34	48	0.007
34	49	0.006
34	50	0.002
34	56	0.004
34	58	0.004
34	70	0.001
34	71	0.005
34	72	0.002
34	73	0.008
34	75	0.007
34	76	0.004
34	89	0.002
34	90	0.007
34	91	0.002
34	96	0.005
34	97	0.005
34	98	0.007
35	43	0.001
35	46	0.003
35	47	0.002
35	48	0.005
35	49	0.004
35	50	0.001
35	56	0.003
35	58	0.003
35	70	0.001
35	71	0.003
35	72	0.001
35	73	0.006
35	75	0.005
35	76	0.003
35	89	0.002
35	90	0.005
35	91	0.001
35	96	0.004
35	97	0.004
35	98	0.005
43	46	0.028
43	47	0.025
43	48	0.003
43	49	0.029
43	50	0.011
43	55	0.005
43	56	0.022
43	58	0.026
43	70	0.005
43	71	0.017
43	72	0.004
43	73	0.023
43	74	0.001
43	75	0.027
43	76	0.019
43	88	0.003
43	89	0.007
43	90	0.032
43	91	0.002
43	96	0.014
43	97	0.014
43	98	0.033
44	50	0.011
44	56	0.005
44	71	0.019
44	74	0.002
44	75	0.032
44	76	0.001
44	88	0.006
44	89	0.006
44	90	0.021
44	96	0.001
44	97	0.001
44	105	0.102
46	50	0.029
46	55	0.013
46	56	0.044
46	58	0.103
46	70	0.014
46	71	0.047
46	72	0.007
46	74	0.004
46	75	0.017
46	76	0.053
46	88	0.012
46	89	0.023
46	90	0.084
46	96	0.012
46	97	0.012
47	50	0.023
47	55	0.011
47	56	0.036
47	58	0.305
47	70	0.031
47	71	0.034
47	72	0.007
47	74	0.008
47	75	0.010
47	76	0.091
47	88	0.028
47	89	0.053
47	90	0.142
47	96	0.008
47	97	0.009
48	49	0.231
48	50	0.018
48	55	0.004
48	56	0.056
48	58	0.096
48	70	0.047
48	71	0.095
48	72	0.062
48	73	0.376
48	74	0.013
48	75	0.261
48	76	0.135
48	88	0.028
48	89	0.070
48	90	0.155
48	96	0.186
48	97	0.208
48	98	0.275
49	50	0.030
49	55	0.008
49	56	0.074
49	58	0.223
49	70	0.058
49	71	0.097
49	72	0.046
49	73	0.539
49	74	0.015
49	75	0.441
49	76	0.218
49	88	0.033
49	89	0.074
49	90	0.239
49	96	0.215
49	97	0.238
49	98	0.614
50	55	0.007
50	56	0.024
50	58	0.028
50	70	0.006
50	71	0.022
50	72	0.007
50	73	0.033
50	74	0.002
50	75	0.035
50	76	0.023
50	88	0.004
50	89	0.010
50	91	0.004
50	96	0.020
50	97	0.022
50	98	0.035
50	105	0.006
55	56	0.009
55	58	0.010
55	70	0.002
55	71	0.008
55	72	0.002
55	73	0.008
55	75	0.010
55	76	0.008
55	88	0.001
55	89	0.003
55	90	0.013
55	91	0.001
55	96	0.006
55	97	0.006
55	98	0.009
56	58	0.442
56	70	0.017
56	71	0.048
56	72	0.020
56	73	0.095
56	74	0.005
56	75	0.090
56	76	0.060
56	88	0.011
56	89	0.025
56	90	0.095
56	91	0.011
56	96	0.058
56	97	0.061
56	98	0.090
56	105	0.003
58	70	0.028
58	71	0.067
58	72	0.023
58	73	0.225
58	74	0.007
58	75	0.194
58	76	0.112
58	88	0.017
58	89	0.038
58	90	0.132
58	96	0.096
58	97	0.106
58	98	0.256
70	71	0.020
70	72	0.012
70	73	0.095
70	74	0.005
70	75	0.064
70	76	0.044
70	88	0.011
70	89	0.029
70	90	0.056
70	96	0.041
70	97	0.044
70	98	0.092
71	72	0.024
71	73	0.133
71	74	0.006
71	75	0.112
71	76	0.065
71	88	0.013
71	89	0.030
71	90	0.091
71	91	0.031
71	96	0.071
71	97	0.078
71	98	0.114
71	105	0.011
72	73	0.082
72	74	0.003
72	75	0.063
72	76	0.037
72	88	0.007
72	89	0.018
72	90	0.051
72	91	0.004
72	96	0.046
72	97	0.050
72	98	0.061
73	74	0.025
73	75	0.522
73	76	0.272
73	88	0.055
73	89	0.127
73	90	0.309
73	96	0.301
73	97	0.334
73	98	0.729
74	75	0.018
74	76	0.013
74	88	0.003
74	89	0.008
74	90	0.019
74	96	0.011
74	97	0.012
74	98	0.023
74	105	0.002
75	76	0.228
75	88	0.041
75	89	0.091
75	90	0.275
75	91	0.003
75	96	0.270
75	97	0.288
75	98	0.533
75	105	0.043
76	88	0.029
76	89	0.065
76	90	0.214
76	96	0.135
76	97	0.146
76	98	0.276
76	105	0.002
88	89	0.021
88	90	0.038
88	96	0.025
88	97	0.027
88	98	0.052
88	105	0.262
89	90	0.087
89	96	0.059
89	97	0.064
89	98	0.117
89	105	0.008
90	91	0.014
90	96	0.166
90	97	0.176
90	98	0.310
90	105	0.023
91	96	0.001
91	97	0.003
96	97	0.204
96	98	0.268
96	105	0.002
97	98	0.297
97	105	0.001
14	18	0.680
14	63	0.507
18	63	-0.018
19	45	0.981
46	47	0.324
73	92	-0.060
92	98	0.002
92	99	-0.009
98	99	-0.002
13	14	0.030
13	63	0.060
16	18	0.004
16	63	-0.007
18	19	0.009
19	63	-0.015
16	19	0.006
81	91	-0.123
7	60	0.449
7	61	0.221
47	60	-0.033
47	69	0.018
47	84	-0.018
47	85	-0.022
47	100	-0.026
47	101	-0.022
49	86	-0.004
49	87	-0.007
58	61	-0.636
58	69	-0.713
60	61	0.456
60	69	-0.028
60	84	0.028
60	85	0.035
60	100	0.041
60	101	0.035
61	69	0.597
69	84	-0.015
69	85	-0.019
69	100	-0.022
69	101	-0.019
71	84	0.092
71	85	0.112
71	86	0.086
71	87	0.151
84	85	0.155
84	86	0.105
84	87	0.183
84	100	0.117
84	101	0.100
85	86	0.128
85	87	0.224
85	100	0.027
85	101	0.023
86	87	0.178
100	101	0.027
31	57	0.165
53	68	-0.672
56	106	-0.277
58	106	-0.392
61	106	0.329
69	106	0.369
95	106	0.221
24	81	0.088
76	82	0.191
76	83	0.175
82	83	0.386
3	78	0.028
3	74	0.026
41	90	0.001
50	90	0.061
59	79	0.826
66	79	-0.009
74	78	0.859
78	80	0.006
78	90	-0.021
78	94	0.005
80	90	-0.026
89	93	0.748
89	94	0.672
89	95	0.860
90	94	-0.033
93	94	0.603
93	95	0.680
94	95	0.611
102	103	0.615
102	104	-0.207
103	104	0.329